sample	Pteromalidae	Formicidae	Halictidae	Apidae	Braconidae	Diprionidae	Figitidae	Bethylidae	Ichneumonidae	Cynipidae	Vespidae	Eupelmidae	Tenthredinidae	Dryinidae	Agaonidae	Eurytomidae	Ampulicidae	Scelionidae	Aphelinidae	Megachilidae	Mymaridae	Platygastridae	Trichogrammatidae	Eulophidae	Papilionidae	Andrenidae	Colletidae	Cephidae	Diapriidae	Encyrtidae	Torymidae	Ormyridae	Megastigmidae	Crabronidae	Pompilidae	Melittidae	Athaliidae	Tiphiidae	Gasteruptiidae	Chalcididae	Orussidae
Pteromalidae	0	0.58551	0.49528	0.52267	0.36882	0.55539	0.55552	0.58889	0.55629	0.28985	0.63022	0.69175	0.53573	0.51781	0.64566	0.69004	0.57246	0.49528	0.57849	0.52307	0.49099	0.48555	0.58679	0.63835	0.08336	0.53852	0.52535	0.57175	0.57277	0.61073	0.70781	0.73873	0.72751	0.27883	0.59091	0.53101	0.53017	0.58549	0.56225	0.70345	0.53091
Formicidae	0.55691	0	0.61771	0.60837	0.36535	0.53848	0.53033	0.61472	0.55544	0.28552	0.66448	0.53378	0.52007	0.55242	0.54494	0.51723	0.65693	0.48923	0.51152	0.61948	0.44865	0.48664	0.52048	0.54868	0.23478	0.62187	0.6293	0.58501	0.53372	0.53202	0.53925	0.55835	0.5542	0.41905	0.66377	0.62582	0.52176	0.65921	0.55668	0.59176	0.54646
Halictidae	0.35017	0.45915	0	0.55898	0.25546	0.3776	0.29085	0.43543	0.38154	0.16906	0.46652	0.33394	0.36551	0.23555	0.35705	0.36589	0.49942	0.30089	0.24002	0.56055	0.30841	0.28147	0.36562	0.38809	0.05326	0.58035	0.61566	0.42222	0.28003	0.36501	0.28421	0.3966	0.3913	0.47791	0.48524	0.56312	0.36416	0.48719	0.40255	0.40534	0.41196
Apidae	0.45632	0.55841	0.69025	0	0.32259	0.47999	0.43987	0.55129	0.47846	0.23886	0.59915	0.39621	0.47502	0.4175	0.43863	0.41622	0.62993	0.40018	0.38077	0.74866	0.35521	0.3974	0.43439	0.43626	0.04964	0.71735	0.74018	0.53429	0.39679	0.40752	0.39647	0.49855	0.40758	0.60426	0.60932	0.71597	0.47768	0.60305	0.50372	0.46716	0.51117
Braconidae	1.13014	1.177	1.10718	1.13221	0	1.15651	1.15622	1.16904	1.19957	0.70571	1.22472	1.1154	1.16208	1.52607	1.15718	1.18745	1.14488	1.20393	1.07417	1.17313	1.0685	1.08268	1.10232	1.10222	0.24301	1.10122	1.13723	1.23996	1.11661	1.10152	1.10668	1.12718	1.09867	0.6084	1.1484	1.11391	1.14979	1.12965	1.1616	1.19008	1.15407
Diprionidae	0.14586	0.14869	0.14027	0.14439	0.09912	0	0.14334	0.14925	0.14822	0.07519	0.16276	0.14182	0.20605	0.13768	0.14642	0.1367	0.14575	0.13081	0.13634	0.13369	0.13294	0.12721	0.14021	0.14721	0.03758	0.13736	0.1373	0.15579	0.14006	0.14301	0.14081	0.14629	0.14582	0.13572	0.15091	0.13338	0.19415	0.14573	0.15003	0.15891	0.14119
Figitidae	0.43711	0.43872	0.32369	0.39644	0.2969	0.42942	0	0.44157	0.43781	0.25559	0.47562	0.42916	0.42871	0.40754	0.42599	0.42211	0.44654	0.41182	0.40281	0.42841	0.39372	0.39344	0.41654	0.42096	0.09919	0.42596	0.42436	0.4451	0.45974	0.41868	0.43046	0.43352	0.43465	0.19714	0.44095	0.41857	0.41727	0.4444	0.43711	0.47369	0.40526
Bethylidae	0.89124	0.9781	0.93207	0.95564	0.57738	0.86002	0.84932	0	0.89061	0.43726	1.02817	0.84348	0.83585	0.84133	0.86874	0.81428	0.95337	0.77424	0.80095	0.9388	0.69743	0.75407	0.83788	0.90107	0.08116	0.92499	0.93282	0.93485	0.80163	0.82787	0.84258	0.90588	0.89747	0.43573	1.00925	0.92064	0.85366	1.00534	0.90019	0.92547	0.90466
Ichneumonidae	0.71828	0.75402	0.6968	0.70763	0.50548	0.72868	0.71845	0.75985	0	0.37669	0.80892	0.69968	0.71672	0.67767	0.70798	0.67678	0.74217	0.63542	0.66415	0.7068	0.60259	0.64093	0.62405	0.70982	0.07981	0.6949	0.70612	0.77723	0.70805	0.6944	0.70409	0.71787	0.72033	0.4711	0.76062	0.71164	0.69591	0.74906	0.72791	0.7737	0.73462
Cynipidae	1.09171	1.13066	0.90066	1.03049	0.86745	1.07832	1.22347	1.08823	1.09882	0	1.12944	1.08355	1.08017	1.84986	1.11532	1.25638	1.11958	1.19882	1.03965	1.15972	1.02565	1.05448	1.04473	1.07203	0.26469	0.99321	1.09315	1.18442	1.10429	1.06117	1.08135	1.10015	1.10546	0.56013	1.11031	1.09108	1.04911	1.10565	1.08452	1.12194	1.08495
Vespidae	0.446	0.49439	0.46697	0.48567	0.28285	0.43856	0.42777	0.48078	0.44335	0.21221	0	0.42801	0.43456	0.42232	0.44678	0.40159	0.4915	0.3835	0.39705	0.46931	0.37763	0.38251	0.42159	0.44373	0.19925	0.46784	0.46914	0.45404	0.41842	0.42796	0.43002	0.43583	0.45102	0.38522	0.50835	0.4655	0.4304	0.50991	0.45025	0.49857	0.43152
Eupelmidae	0.55793	0.45263	0.38096	0.36604	0.29359	0.43552	0.43991	0.44952	0.43705	0.23203	0.4878	0	0.42936	0.41275	0.50077	0.54766	0.44256	0.38737	0.45358	0.41271	0.39889	0.38142	0.4538	0.49478	0.05225	0.42224	0.42091	0.44536	0.45153	0.47508	0.55318	0.57708	0.57302	0.14577	0.44877	0.42153	0.4165	0.45074	0.43973	0.56298	0.4148
Tenthredinidae	0.42702	0.43582	0.41207	0.43368	0.30228	0.62535	0.43429	0.44022	0.44244	0.22859	0.48945	0.42432	0	0.4066	0.43215	0.40199	0.42449	0.39561	0.39669	0.40692	0.41074	0.38877	0.4176	0.42188	0.07032	0.40961	0.41093	0.47824	0.42025	0.42273	0.41816	0.42928	0.42017	0.40598	0.43243	0.40085	0.64054	0.42017	0.44393	0.47763	0.42337
Dryinidae	NA	NA	NA	NA	NA	NA	NA	NA	NA	NA	NA	NA	NA	0	NA	NA	NA	NA	NA	NA	NA	NA	NA	NA	NA	NA	NA	NA	NA	NA	NA	NA	NA	NA	NA	NA	NA	NA	NA	NA	NA
Agaonidae	0.87646	0.77773	0.68554	0.68201	0.51264	0.75677	0.73493	0.77923	0.74432	0.40197	0.85701	0.84282	0.73598	0.70081	0	0.84159	0.75805	0.66601	0.74762	0.69076	0.68951	0.65744	0.77439	0.82068	0.11992	0.70844	0.69726	0.74111	0.75481	0.78978	0.86601	0.88512	0.8979	0.34824	0.77324	0.6984	0.72864	0.76465	0.76347	0.91654	0.6904
Eurytomidae	0.48057	0.37872	0.36042	0.33202	0.26988	0.36249	0.37362	0.37471	0.36504	0.23231	0.39521	0.4729	0.35124	0.33642	0.43177	0	0.38221	0.33598	0.38415	0.35814	0.33304	0.32961	0.39016	0.42008	0.02902	0.36247	0.35939	0.3755	0.39433	0.4077	0.49048	0.55987	0.49249	0.16011	0.39388	0.36365	0.34517	0.38774	0.38031	0.49016	0.37495
Ampulicidae	NA	NA	NA	NA	NA	NA	NA	NA	NA	NA	NA	NA	NA	NA	NA	NA	0	NA	NA	NA	NA	NA	NA	NA	NA	NA	NA	NA	NA	NA	NA	NA	NA	NA	NA	NA	NA	NA	NA	NA	NA
Scelionidae	0.74724	0.77603	0.64209	0.69155	0.59278	0.75146	0.78964	0.77185	0.74247	0.48021	0.8176	0.72461	0.74883	0.72731	0.74023	0.72786	0.7615	0	0.61352	0.7278	0.70813	0.77362	0.71803	0.73083	0.06171	0.60041	0.74594	0.79047	0.76157	0.72236	0.72825	0.74557	0.62342	0.33596	0.76232	0.73168	0.75315	0.75073	0.75768	0.82053	0.75029
Aphelinidae	0.90442	0.84079	0.53075	0.68186	0.54806	0.81162	0.80035	0.82741	0.80416	0.43154	0.87715	0.8792	0.77808	0.75651	0.86103	0.86235	0.8176	0.63575	0	0.76013	0.71628	0.71915	0.83465	0.85796	0.6191	0.78101	0.78232	0.8003	0.81422	0.85732	0.89754	0.91378	0.91548	0.27724	0.82786	0.77539	0.78413	0.82113	0.799	0.92692	0.73876
Megachilidae	0.35479	0.44177	0.53778	0.58166	0.25968	0.34527	0.36931	0.42076	0.3713	0.20885	0.44982	0.34708	0.34628	0.38518	0.34516	0.3488	0.4856	0.3272	0.32979	0	0.30838	0.3252	0.32492	0.34321	0.02595	0.5558	0.58004	0.40454	0.34872	0.33538	0.34313	0.36792	0.3528	0.46918	0.47018	0.56547	0.35248	0.46187	0.3857	0.36556	0.40563
Mymaridae	NA	NA	NA	NA	NA	NA	NA	NA	NA	NA	NA	NA	NA	NA	NA	NA	NA	NA	NA	NA	0	NA	NA	NA	NA	NA	NA	NA	NA	NA	NA	NA	NA	NA	NA	NA	NA	NA	NA	NA	NA
Platygastridae	0.72332	0.76216	0.59306	0.67808	0.52635	0.72154	0.74487	0.74225	0.73944	0.41705	0.80518	0.70448	0.72657	0.70254	0.72146	0.70502	0.74345	0.76384	0.68523	0.7142	0.68206	0	0.72246	0.70733	0.05076	0.61519	0.73037	0.76332	0.74085	0.73981	0.70128	0.72711	0.71311	0.33202	0.73831	0.7099	0.7235	0.73273	0.74709	0.77699	0.75052
Trichogrammatidae	0.59351	0.55349	0.52306	0.50326	0.36386	0.53998	0.53545	0.55999	0.48885	0.28055	0.60255	0.56909	0.52992	0.50054	0.57701	0.56665	0.53852	0.48137	0.53999	0.48452	0.49165	0.49054	0	0.58656	0.05424	0.49853	0.48823	0.53433	0.53513	0.55595	0.58514	0.60114	0.60145	0.17972	0.55515	0.48152	0.52531	0.55043	0.53761	0.62047	0.50689
Eulophidae	0.77895	0.70392	0.66982	0.60975	0.43893	0.68397	0.65283	0.72653	0.67081	0.34731	0.76512	0.74856	0.64586	0.67193	0.73772	0.73604	0.69906	0.59109	0.66964	0.61744	0.59015	0.5794	0.70764	0	0.46988	0.63481	0.6283	0.68788	0.66697	0.70719	0.74902	0.78818	0.7854	0.32657	0.70251	0.62097	0.65029	0.71115	0.68137	0.8119	0.64931
Papilionidae	NA	NA	NA	NA	NA	NA	NA	NA	NA	NA	NA	NA	NA	NA	NA	NA	NA	NA	NA	NA	NA	NA	NA	NA	0	NA	NA	NA	NA	NA	NA	NA	NA	NA	NA	NA	NA	NA	NA	NA	NA
Andrenidae	0.23134	0.28086	0.35262	0.35297	0.15438	0.22467	0.23255	0.26256	0.23119	0.11328	0.28399	0.22489	0.22076	0.23787	0.22419	0.22358	0.30898	0.17095	0.2146	0.352	0.18498	0.1774	0.21173	0.22348	0.09835	0	0.38295	0.25446	0.22113	0.21818	0.22329	0.23893	0.22846	0.29631	0.29396	0.3572	0.22324	0.29452	0.24306	0.23419	0.2486
Colletidae	0.32308	0.40688	0.53553	0.52139	0.22824	0.3215	0.33168	0.37906	0.33632	0.17849	0.40768	0.32094	0.31705	0.35271	0.31588	0.31736	0.45109	0.30406	0.30774	0.5259	0.28215	0.30152	0.29685	0.31665	0.23681	0.54824	0	0.37008	0.31221	0.31072	0.31799	0.33605	0.31918	0.43126	0.43376	0.52726	0.32363	0.42567	0.36013	0.34017	0.36335
Cephidae	0.26638	0.28656	0.27823	0.28512	0.18853	0.27636	0.26355	0.28779	0.28044	0.14651	0.29892	0.25726	0.27954	0.25044	0.25436	0.2512	0.28892	0.2441	0.23849	0.27787	0.21886	0.23873	0.24612	0.26264	0.02734	0.27598	0.28037	0	0.24816	0.24766	0.25358	0.26458	0.26457	0.17767	0.29441	0.27771	0.28012	0.2905	0.27572	0.27606	0.30014
Diapriidae	0.67671	0.66296	0.46795	0.53696	0.43053	0.63004	0.69032	0.62581	0.64788	0.34639	0.69854	0.66143	0.62293	0.61828	0.65695	0.66895	0.63165	0.59637	0.61531	0.60741	0.57601	0.58758	0.62508	0.64577	0.06336	0.60819	0.59981	0.62931	0	0.65344	0.67329	0.6617	0.69097	0.21249	0.63493	0.61014	0.60132	0.63558	0.62359	0.71112	0.59901
Encyrtidae	0.93297	0.85448	0.78868	0.71307	0.54915	0.83181	0.81287	0.83566	0.82155	0.4304	0.92382	0.89983	0.81019	0.7919	0.88879	0.89429	0.83347	0.73142	0.83771	0.75534	0.77323	0.75866	0.83967	0.88533	0.58824	0.77589	0.77184	0.81206	0.8449	0	0.92509	0.92554	0.93402	0.3258	0.83713	0.77267	0.81318	0.82284	0.82215	0.97819	0.75151
Torymidae	0.36188	0.28986	0.20553	0.23218	0.18465	0.27412	0.2797	0.28465	0.2788	0.14678	0.31067	0.35066	0.26822	0.25445	0.32617	0.36007	0.286	0.24679	0.29352	0.25864	0.25482	0.24069	0.29578	0.31383	0.04813	0.26575	0.26437	0.27828	0.29136	0.30961	0	0.37913	0.36902	0.09256	0.28717	0.27062	0.25816	0.29137	0.28322	0.35871	0.26485
Ormyridae	0.17878	0.14207	0.13576	0.1382	0.08902	0.1348	0.13334	0.14486	0.13455	0.07069	0.14904	0.17316	0.13034	0.12615	0.1578	0.19455	0.1427	0.11959	0.14145	0.13127	0.12253	0.11812	0.14383	0.15632	0.09652	0.13461	0.13224	0.13744	0.13554	0.14662	0.17946	0	0.19561	0.1309	0.14836	0.13423	0.12996	0.14634	0.13844	0.1752	0.13461
Megastigmidae	0.26081	0.20888	0.19842	0.16736	0.12854	0.19904	0.19803	0.2126	0.2	0.10522	0.22848	0.2547	0.18898	0.18514	0.23713	0.25351	0.20684	0.14813	0.20993	0.18647	0.16589	0.17161	0.21318	0.23074	0.14298	0.19066	0.18606	0.20358	0.20966	0.21919	0.25875	0.28977	0	0.06557	0.2134	0.19235	0.18616	0.21721	0.20326	0.26237	0.18345
Crabronidae	0.36909	0.58319	0.89478	0.91618	0.26282	0.68406	0.33164	0.38111	0.48296	0.19686	0.72055	0.23925	0.67422	0.2457	0.33958	0.30431	0.92445	0.29476	0.23474	0.91562	0.22588	0.29503	0.2352	0.35426	0.10008	0.91305	0.92826	0.5048	0.23807	0.28231	0.23965	0.71599	0.2421	0	0.89259	0.9098	0.68195	0.8789	0.74097	0.36459	0.24858
Pompilidae	0.02762	0.03262	0.03208	0.03262	0.01752	0.02685	0.02619	0.03117	0.02753	0.01378	0.03357	0.02601	0.02536	0.02789	0.02662	0.02643	0.03472	0.02362	0.02475	0.0324	0.02182	0.02316	0.02565	0.02691	0.01864	0.03198	0.03296	0.02953	0.02512	0.02561	0.02625	0.02865	0.02782	0.03152	0	0.03198	0.02592	0.03638	0.02819	0.02872	0.02912
Melittidae	NA	NA	NA	NA	NA	NA	NA	NA	NA	NA	NA	NA	NA	NA	NA	NA	NA	NA	NA	NA	NA	NA	NA	NA	NA	NA	NA	NA	NA	NA	NA	NA	NA	NA	NA	0	NA	NA	NA	NA	NA
Athaliidae	0.05765	0.05964	0.056	0.05949	0.0408	0.08038	0.05766	0.06133	0.0586	0.03029	0.06613	0.05615	0.08738	0.05572	0.05836	0.05389	0.05857	0.05428	0.05453	0.0565	0.05467	0.05281	0.05647	0.05794	0.04285	0.05651	0.05722	0.06537	0.05534	0.05788	0.0549	0.05839	0.05646	0.05602	0.06031	0.05408	0	0.05931	0.06296	0.06346	0.05944
Tiphiidae	0.0191	0.02261	0.02248	0.02254	0.01203	0.0181	0.01843	0.02167	0.01893	0.00958	0.02351	0.01823	0.0172	0.01908	0.01838	0.01816	0.02408	0.01623	0.01714	0.02222	0.01433	0.01605	0.01775	0.01901	0.01301	0.02237	0.02258	0.02034	0.01755	0.01757	0.01859	0.01973	0.01977	0.02166	0.02539	0.02244	0.0178	0	0.01925	0.02033	0.01943
Gasteruptiidae	0.03554	0.037	0.03599	0.03647	0.02396	0.03611	0.03512	0.0376	0.03564	0.0182	0.04022	0.03446	0.03521	0.03337	0.03555	0.03452	0.03757	0.03175	0.03231	0.03595	0.03145	0.0317	0.0336	0.0353	0.02434	0.03577	0.03702	0.03741	0.03336	0.03402	0.03502	0.03616	0.03584	0.03538	0.03812	0.03485	0.0366	0.03731	0	0.03679	0.03594
Chalcididae	0.05295	0.04683	0.04315	0.04027	0.02923	0.04554	0.04531	0.04603	0.0451	0.02242	0.05302	0.05254	0.0451	0.04602	0.05082	0.05297	0.04548	0.04093	0.04462	0.04056	0.04343	0.03926	0.04617	0.05008	0.03002	0.04103	0.04163	0.0446	0.0453	0.04819	0.05281	0.05449	0.05508	0.02073	0.04625	0.04109	0.04393	0.04689	0.0438	0	0.04137
Orussidae	NA	NA	NA	NA	NA	NA	NA	NA	NA	NA	NA	NA	NA	NA	NA	NA	NA	NA	NA	NA	NA	NA	NA	NA	NA	NA	NA	NA	NA	NA	NA	NA	NA	NA	NA	NA	NA	NA	NA	NA	0
